needle
0.9864966419870959 -0.16011393153231948 0.03446598725479062 0.16229461527871641
0.16101260741515402 0.9866334706900616 -0.02508654554651192 0.380209500751351
-0.02998859118993687 0.03029725141572165 0.9990909673073297 0.7605645535202746
0.0 0.0 0.0 1.0
cam_frame
-0.9999999999697327 5.960121487339674e-06 -5.001141588963235e-06 -1.396e-06
-7.780389793365484e-06 -0.7660440730413802 0.6427880506805007 0.963076055
-8.470329472543003e-22 0.642788050699956 0.7660440730645662 1.6712601185
0.0 0.0 0.0 1.0
camL
0.03996304120219152 -0.9992011585773652 5.9601214872286545e-06 0.0020137437686660203
0.6422747474617841 0.025683203286854025 -0.7660440730413806 0.8657768685263415
0.7654319722292593 0.030617278889170336 0.642788050699956 1.4930746699751716
0.0 0.0 0.0 1.0
camR
-0.0399730354931323 -0.9992007588057272 5.960121487450693e-06 -0.019998895428600175
0.6422741255279489 -0.025698751632735543 -0.7660440730413798 0.6416818740519539
0.7654319722292586 -0.030617278889170336 0.6427880506999561 1.2882380819677168
0.0 0.0 0.0 1.0
