needle
0.7166957628978139 -0.6961355783384146 -0.041742544475888266 -0.2594560900774566
-0.6967600179082679 -0.7173040814002307 -0.0005764153026072538 0.16744990626702178
-0.02954083432048912 0.029497650441552156 -0.9991282338767318 0.7217803801549576
0.0 0.0 0.0 1.0
cam_frame
-0.9999999999697327 5.960121487339674e-06 -5.001141588963235e-06 -1.396e-06
-7.780389793365484e-06 -0.7660440730413802 0.6427880506805007 0.963076055
-8.470329472543003e-22 0.642788050699956 0.7660440730645662 1.6712601185
0.0 0.0 0.0 1.0
camL
0.03996304120219152 -0.999201158577365 5.960121487339673e-06 0.020001104570189134
0.6422747474617843 0.025683203286853938 -0.7660440730413801 0.6416821852675456
0.765431972229259 0.03061727888917041 0.6427880506999563 1.2882380819677168
0.0 0.0 0.0 1.0
camR
-0.0399730354931323 -0.9992007588057272 5.960121487450693e-06 -0.019998895428600175
0.6422741255279489 -0.025698751632735543 -0.7660440730413798 0.6416818740519539
0.7654319722292586 -0.030617278889170336 0.6427880506999561 1.2882380819677168
0.0 0.0 0.0 1.0
